1734341982491 0.00041280864197530866 0
1734342105396 0.0007884162808641975 1
1734342127564 0.0011227739197530865 2
1734342148474 0.001064375 3
1734342169218 0.0010025000000000001 4
1734342190011 0.000940625 5
1734342210521 0.00087875 6
1734342231503 0.000816875 7
1734342252329 0.000755 8
1734342273478 0.0006931250000000001 9
1734342322022 0.00063125 10
1734342342929 0.000569375 11
1734342363417 0.0005075 12
1734342384876 0.000445625 13
1734342405043 0.0003837500000000001 14
1734342425835 0.000321875 15
1734342446957 0.00026 16
1734342468384 0.00019812500000000003 17
1734342490035 0.00013624999999999998 18
1734342511274 7.437500000000006e-05 19
