1734342617478 1.80725 0
1734342739689 1.85881 1
1734342761821 1.90404 2
1734342783139 1.87268 3
1734342804648 1.85272 4
1734342825925 1.80823 5
1734342846862 1.76651 6
1734342867946 1.7197 7
1734342889732 1.70724 8
1734342910487 1.66858 9
1734342931563 1.66366 10
1734342952211 1.61981 11
1734342973144 1.6145 12
1734342993459 1.56891 13
1734343014534 1.52159 14
1734343035323 1.54412 15
1734343056017 1.47873 16
1734343077640 1.48242 17
1734343098172 1.45919 18
1734343120061 1.40204 19
1734343168367 1.38806 20
1734343188858 1.32833 21
1734343209488 1.28232 22
1734343230448 1.26083 23
1734343251193 1.20044 24
1734343272424 1.17421 25
1734343292963 1.1349 26
1734343314041 1.10801 27
1734343334296 1.08151 28
1734343355650 1.05445 29
