1734342617478 3.58916 0
1734342739689 3.12758 1
1734342761821 2.97016 2
1734342783139 2.85184 3
1734342804648 2.7074 4
1734342825925 2.56825 5
1734342846862 2.53309 6
1734342867946 2.41645 7
1734342889732 2.37259 8
1734342910487 2.2659 9
1734342931563 2.21771 10
1734342952211 2.17579 11
1734342973144 2.11279 12
1734342993459 2.0564 13
1734343014534 1.97688 14
1734343035323 1.94213 15
1734343056017 1.8749 16
1734343077640 1.84648 17
1734343098172 1.77703 18
1734343120061 1.71937 19
1734343168367 1.60355 20
1734343188858 1.47878 21
1734343209488 1.39583 22
1734343230448 1.32346 23
1734343251193 1.25196 24
1734343272424 1.19594 25
1734343292963 1.12792 26
1734343314041 1.09196 27
1734343334296 1.07419 28
1734343355650 1.02239 29
