1734342617478 1.88406 0
1734342739689 1.94667 1
1734342761821 1.98803 2
1734342783139 1.96558 3
1734342804648 1.93923 4
1734342825925 1.91728 5
1734342846862 1.88922 6
1734342867946 1.85832 7
1734342889732 1.84763 8
1734342910487 1.80655 9
1734342931563 1.79911 10
1734342952211 1.76993 11
1734342973144 1.76047 12
1734342993459 1.73829 13
1734343014534 1.68318 14
1734343035323 1.70305 15
1734343056017 1.65086 16
1734343077640 1.64297 17
1734343098172 1.62674 18
1734343120061 1.59108 19
1734343168367 1.66078 20
1734343188858 1.60125 21
1734343209488 1.56111 22
1734343230448 1.5427 23
1734343251193 1.49138 24
1734343272424 1.47409 25
1734343292963 1.42968 26
1734343314041 1.40649 27
1734343334296 1.40045 28
1734343355650 1.36912 29
