1734343464167 0.00041280864197530866 0
1734343587143 0.0008089457947530863 1
1734343608324 0.0011844579475308642 2
1734343630244 0.0011571875 3
1734343650993 0.00112625 4
1734343671735 0.0010953125 5
1734343692469 0.001064375 6
1734343712985 0.0010334375 7
1734343734406 0.0010025000000000001 8
1734343755406 0.0009715625 9
1734343776340 0.000940625 10
1734343797170 0.0009096875 11
1734343818228 0.00087875 12
1734343839563 0.0008478125 13
1734343861357 0.000816875 14
1734343881998 0.0007859375000000001 15
1734343903068 0.000755 16
1734343923721 0.0007240624999999999 17
1734343944635 0.0006931250000000001 18
1734343965647 0.0006621875000000001 19
1734343986785 0.00063125 20
1734344007460 0.0006003125 21
1734344028224 0.000569375 22
1734344049346 0.0005384375000000001 23
1734344070173 0.0005075 24
1734344091477 0.0004765625 25
1734344112309 0.000445625 26
1734344133460 0.0004146875 27
1734344154642 0.0003837500000000001 28
1734344176233 0.0003528125 29
1734344224829 0.000321875 30
1734344245513 0.00029093749999999996 31
1734344266270 0.00026 32
1734344288231 0.00022906250000000007 33
1734344308695 0.00019812500000000003 34
1734344329842 0.00016718750000000002 35
1734344351328 0.00013624999999999998 36
1734344371957 0.00010531249999999994 37
1734344392953 7.437500000000006e-05 38
1734344413911 4.343750000000003e-05 39
