1734341986570 0.10118 0
1734342109715 0.04505 1
1734342131656 0.07635 2
1734342152173 0.16278 3
1734342172858 0.19192 4
1734342193812 0.22071 5
1734342214108 0.25578 6
1734342235150 0.37299 7
1734342255866 0.31755 8
1734342277082 0.41221 9
1734342325712 0.41296 10
1734342346512 0.50352 11
1734342366973 0.52255 12
1734342388456 0.53699 13
1734342408735 0.61062 14
1734342429549 0.61411 15
1734342450946 0.65034 16
1734342472396 0.68219 17
1734342493943 0.68621 18
1734342515066 0.72282 19
1734342521572 0.7229852894782567 19
