1734341986570 0.04353 0
1734342109715 0.01494 1
1734342131656 0.02492 2
1734342152173 0.05928 3
1734342172858 0.0691 4
1734342193812 0.08307 5
1734342214108 0.11542 6
1734342235150 0.17458 7
1734342255866 0.14213 8
1734342277082 0.21672 9
1734342325712 0.20019 10
1734342346512 0.26479 11
1734342366973 0.28937 12
1734342388456 0.3141 13
1734342408735 0.35879 14
1734342429549 0.37098 15
1734342450946 0.39784 16
1734342472396 0.43155 17
1734342493943 0.43603 18
1734342515066 0.46956 19
1734342521572 0.46938781763111564 19
