1734341986570 0.18819 0
1734342109715 0.09802 1
1734342131656 0.36793 2
1734342152173 0.2475 3
1734342172858 0.28687 4
1734342193812 0.41135 5
1734342214108 0.30553 6
1734342235150 0.47045 7
1734342255866 0.43033 8
1734342277082 0.62409 9
1734342325712 0.54173 10
1734342346512 0.57724 11
1734342366973 0.56444 12
1734342388456 0.62404 13
1734342408735 0.67326 14
1734342429549 0.67438 15
1734342450946 0.70653 16
1734342472396 0.75901 17
1734342493943 0.74043 18
1734342515066 0.78381 19
1734342521572 0.7854790471851367 19
