1734341986570 0.19228 0
1734342109715 0.15674 1
1734342131656 0.12573 2
1734342152173 0.24143 3
1734342172858 0.28052 4
1734342193812 0.26362 5
1734342214108 0.35861 6
1734342235150 0.39184 7
1734342255866 0.34776 8
1734342277082 0.36733 9
1734342325712 0.38075 10
1734342346512 0.4838 11
1734342366973 0.51451 12
1734342388456 0.535 13
1734342408735 0.5674 14
1734342429549 0.56976 15
1734342450946 0.59839 16
1734342472396 0.62403 17
1734342493943 0.63271 18
1734342515066 0.65809 19
1734342521572 0.6532339655595959 19
