1734343464167 1.80725 0
1734343587143 1.86178 1
1734343608324 1.92706 2
1734343630244 1.90212 3
1734343650993 1.84753 4
1734343671735 1.82468 5
1734343692469 1.78951 6
1734343712985 1.72848 7
1734343734406 1.73712 8
1734343755406 1.68046 9
1734343776340 1.65954 10
1734343797170 1.64286 11
1734343818228 1.63204 12
1734343839563 1.59034 13
1734343861357 1.57382 14
1734343881998 1.57858 15
1734343903068 1.51608 16
1734343923721 1.52267 17
1734343944635 1.48976 18
1734343965647 1.45266 19
1734343986785 1.44159 20
1734344007460 1.41584 21
1734344028224 1.39526 22
1734344049346 1.378 23
1734344070173 1.36395 24
1734344091477 1.34683 25
1734344112309 1.31437 26
1734344133460 1.28876 27
1734344154642 1.27346 28
1734344176233 1.27684 29
1734344224829 1.20765 30
1734344245513 1.15001 31
1734344266270 1.10957 32
1734344288231 1.0845 33
1734344308695 1.05851 34
1734344329842 1.03025 35
1734344351328 1.00876 36
1734344371957 0.99559 37
1734344392953 0.96109 38
1734344413911 0.94632 39
