1734343464167 3.58916 0
1734343587143 3.11125 1
1734343608324 2.99206 2
1734343630244 2.84285 3
1734343650993 2.69393 4
1734343671735 2.59318 5
1734343692469 2.50982 6
1734343712985 2.43198 7
1734343734406 2.38804 8
1734343755406 2.2799 9
1734343776340 2.22569 10
1734343797170 2.18599 11
1734343818228 2.15261 12
1734343839563 2.07601 13
1734343861357 2.0018 14
1734343881998 2.00262 15
1734343903068 1.94776 16
1734343923721 1.92084 17
1734343944635 1.83898 18
1734343965647 1.79634 19
1734343986785 1.76769 20
1734344007460 1.6861 21
1734344028224 1.6606 22
1734344049346 1.64502 23
1734344070173 1.60211 24
1734344091477 1.56737 25
1734344112309 1.52479 26
1734344133460 1.49674 27
1734344154642 1.43268 28
1734344176233 1.43718 29
1734344224829 1.29953 30
1734344245513 1.1776 31
1734344266270 1.10794 32
1734344288231 1.06252 33
1734344308695 1.00858 34
1734344329842 0.97149 35
1734344351328 0.93777 36
1734344371957 0.91408 37
1734344392953 0.89159 38
1734344413911 0.87537 39
