1734343464167 1.88406 0
1734343587143 1.93872 1
1734343608324 1.99814 2
1734343630244 1.97899 3
1734343650993 1.95062 4
1734343671735 1.93079 5
1734343692469 1.90006 6
1734343712985 1.87168 7
1734343734406 1.86494 8
1734343755406 1.8064 9
1734343776340 1.80424 10
1734343797170 1.78503 11
1734343818228 1.76832 12
1734343839563 1.74995 13
1734343861357 1.71209 14
1734343881998 1.72674 15
1734343903068 1.68345 16
1734343923721 1.67418 17
1734343944635 1.65849 18
1734343965647 1.63545 19
1734343986785 1.61802 20
1734344007460 1.58899 21
1734344028224 1.58119 22
1734344049346 1.57427 23
1734344070173 1.53899 24
1734344091477 1.53477 25
1734344112309 1.51961 26
1734344133460 1.48557 27
1734344154642 1.47372 28
1734344176233 1.48571 29
1734344224829 1.47862 30
1734344245513 1.45516 31
1734344266270 1.40506 32
1734344288231 1.3885 33
1734344308695 1.35921 34
1734344329842 1.33767 35
1734344351328 1.32121 36
1734344371957 1.30349 37
1734344392953 1.29026 38
1734344413911 1.27205 39
