1734342617478 0.00041280864197530866 0
1734342739689 0.0008021026234567901 1
1734342761821 0.0011638966049382718 2
1734342783139 0.00112625 3
1734342804648 0.001085 4
1734342825925 0.0010437500000000002 5
1734342846862 0.0010025000000000001 6
1734342867946 0.0009612499999999999 7
1734342889732 0.0009200000000000001 8
1734342910487 0.00087875 9
1734342931563 0.0008375 10
1734342952211 0.0007962500000000001 11
1734342973144 0.000755 12
1734342993459 0.00071375 13
1734343014534 0.0006725 14
1734343035323 0.00063125 15
1734343056017 0.00059 16
1734343077640 0.00054875 17
1734343098172 0.0005075 18
1734343120061 0.0004662500000000001 19
1734343168367 0.00042500000000000003 20
1734343188858 0.0003837500000000001 21
1734343209488 0.0003425000000000001 22
1734343230448 0.00030125 23
1734343251193 0.00026 24
1734343272424 0.00021874999999999995 25
1734343292963 0.00017749999999999998 26
1734343314041 0.00013624999999999998 27
1734343334296 9.499999999999998e-05 28
1734343355650 5.375e-05 29
