1734343468310 0.10118 0
1734343591008 0.05986 1
1734343612917 0.03871 2
1734343634133 0.07991 3
1734343654757 0.16935 4
1734343675596 0.27477 5
1734343696110 0.30985 6
1734343716899 0.35374 7
1734343738130 0.3645 8
1734343759061 0.4102 9
1734343779931 0.3601 10
1734343801093 0.4187 11
1734343822332 0.45553 12
1734343843151 0.43315 13
1734343865269 0.45947 14
1734343885593 0.51676 15
1734343906876 0.53203 16
1734343927301 0.48319 17
1734343948276 0.56743 18
1734343969450 0.58199 19
1734343990357 0.60936 20
1734344011147 0.57883 21
1734344031960 0.60999 22
1734344053087 0.64492 23
1734344073845 0.65703 24
1734344095265 0.68439 25
1734344116227 0.67924 26
1734344137353 0.68916 27
1734344158278 0.71732 28
1734344180085 0.70073 29
1734344228468 0.71783 30
1734344249285 0.74713 31
1734344270063 0.74057 32
1734344292028 0.77676 33
1734344312736 0.77627 34
1734344333398 0.79468 35
1734344355121 0.78032 36
1734344375898 0.80651 37
1734344396662 0.81717 38
1734344417752 0.81914 39
1734344424266 0.8192831170588141 39
