1734343468310 0.04353 0
1734343591008 0.02053 1
1734343612917 0.01273 2
1734343634133 0.02937 3
1734343654757 0.07282 4
1734343675596 0.11703 5
1734343696110 0.147 6
1734343716899 0.16573 7
1734343738130 0.15862 8
1734343759061 0.20276 9
1734343779931 0.1861 10
1734343801093 0.22213 11
1734343822332 0.23921 12
1734343843151 0.22267 13
1734343865269 0.25521 14
1734343885593 0.28028 15
1734343906876 0.30845 16
1734343927301 0.2698 17
1734343948276 0.33117 18
1734343969450 0.34037 19
1734343990357 0.35059 20
1734344011147 0.32959 21
1734344031960 0.36492 22
1734344053087 0.3946 23
1734344073845 0.39018 24
1734344095265 0.4278 25
1734344116227 0.42307 26
1734344137353 0.43669 27
1734344158278 0.45943 28
1734344180085 0.45496 29
1734344228468 0.46876 30
1734344249285 0.50119 31
1734344270063 0.50529 32
1734344292028 0.53881 33
1734344312736 0.53951 34
1734344333398 0.55918 35
1734344355121 0.55736 36
1734344375898 0.58529 37
1734344396662 0.5951 38
1734344417752 0.60077 39
1734344424266 0.6010174448529796 39
