1734343468310 0.18819 0
1734343591008 0.09482 1
1734343612917 0.06789 2
1734343634133 0.15237 3
1734343654757 0.21147 4
1734343675596 0.38203 5
1734343696110 0.51856 6
1734343716899 0.43876 7
1734343738130 0.4654 8
1734343759061 0.59816 9
1734343779931 0.37068 10
1734343801093 0.48753 11
1734343822332 0.58195 12
1734343843151 0.47199 13
1734343865269 0.59968 14
1734343885593 0.54971 15
1734343906876 0.57797 16
1734343927301 0.52593 17
1734343948276 0.62303 18
1734343969450 0.6412 19
1734343990357 0.69342 20
1734344011147 0.64569 21
1734344031960 0.68165 22
1734344053087 0.72477 23
1734344073845 0.72718 24
1734344095265 0.70318 25
1734344116227 0.72911 26
1734344137353 0.75336 27
1734344158278 0.80166 28
1734344180085 0.75891 29
1734344228468 0.76178 30
1734344249285 0.79697 31
1734344270063 0.75116 32
1734344292028 0.76822 33
1734344312736 0.78931 34
1734344333398 0.85683 35
1734344355121 0.83075 36
1734344375898 0.83583 37
1734344396662 0.85284 38
1734344417752 0.858 39
1734344424266 0.8591213849108514 39
