1734343468310 0.19228 0
1734343591008 0.13636 1
1734343612917 0.12683 2
1734343634133 0.15771 3
1734343654757 0.2718 4
1734343675596 0.32792 5
1734343696110 0.31149 6
1734343716899 0.38483 7
1734343738130 0.37465 8
1734343759061 0.38952 9
1734343779931 0.41569 10
1734343801093 0.40323 11
1734343822332 0.39296 12
1734343843151 0.44531 13
1734343865269 0.42665 14
1734343885593 0.51679 15
1734343906876 0.5093 16
1734343927301 0.47168 17
1734343948276 0.539 18
1734343969450 0.55884 19
1734343990357 0.54752 20
1734344011147 0.55024 21
1734344031960 0.54666 22
1734344053087 0.54939 23
1734344073845 0.58132 24
1734344095265 0.64665 25
1734344116227 0.623 26
1734344137353 0.60713 27
1734344158278 0.61404 28
1734344180085 0.61459 29
1734344228468 0.63272 30
1734344249285 0.66114 31
1734344270063 0.69009 32
1734344292028 0.70732 33
1734344312736 0.71767 34
1734344333398 0.6931 35
1734344355121 0.70702 36
1734344375898 0.7318 37
1734344396662 0.73826 38
1734344417752 0.72823 39
1734344424266 0.7284562245749733 39
