1734342621506 0.04353 0
1734342743903 0.02159 1
1734342765651 0.04502 2
1734342787217 0.07013 3
1734342808413 0.07139 4
1734342829661 0.10828 5
1734342850639 0.10264 6
1734342871506 0.16174 7
1734342893837 0.12733 8
1734342914282 0.1775 9
1734342935272 0.20458 10
1734342956022 0.17511 11
1734342976682 0.22587 12
1734342997119 0.23499 13
1734343018262 0.26965 14
1734343038795 0.30397 15
1734343059891 0.2757 16
1734343081225 0.28261 17
1734343102448 0.34153 18
1734343123745 0.35886 19
1734343172128 0.37576 20
1734343192456 0.39579 21
1734343213182 0.39463 22
1734343234529 0.43799 23
1734343254865 0.45643 24
1734343276202 0.47142 25
1734343296734 0.50834 26
1734343317704 0.51736 27
1734343338171 0.52524 28
1734343359236 0.53467 29
1734343366194 0.5350420636502147 29
