1734342621506 0.10118 0
1734342743903 0.06358 1
1734342765651 0.11854 2
1734342787217 0.16468 3
1734342808413 0.18335 4
1734342829661 0.24566 5
1734342850639 0.22688 6
1734342871506 0.35211 7
1734342893837 0.28749 8
1734342914282 0.36517 9
1734342935272 0.40655 10
1734342956022 0.34821 11
1734342976682 0.43332 12
1734342997119 0.45149 13
1734343018262 0.50703 14
1734343038795 0.54834 15
1734343059891 0.50504 16
1734343081225 0.50184 17
1734343102448 0.58128 18
1734343123745 0.61722 19
1734343172128 0.61081 20
1734343192456 0.63183 21
1734343213182 0.63698 22
1734343234529 0.70122 23
1734343254865 0.70465 24
1734343276202 0.71587 25
1734343296734 0.76312 26
1734343317704 0.75765 27
1734343338171 0.76952 28
1734343359236 0.77631 29
1734343366194 0.776294004181578 29
