1734342621506 0.18819 0
1734342743903 0.16794 1
1734342765651 0.21356 2
1734342787217 0.21692 3
1734342808413 0.27198 4
1734342829661 0.3549 5
1734342850639 0.37504 6
1734342871506 0.44909 7
1734342893837 0.33726 8
1734342914282 0.52813 9
1734342935272 0.52252 10
1734342956022 0.50513 11
1734342976682 0.47513 12
1734342997119 0.46678 13
1734343018262 0.59721 14
1734343038795 0.5689 15
1734343059891 0.59995 16
1734343081225 0.5618 17
1734343102448 0.60701 18
1734343123745 0.68006 19
1734343172128 0.60604 20
1734343192456 0.74126 21
1734343213182 0.69121 22
1734343234529 0.73442 23
1734343254865 0.6957 24
1734343276202 0.76354 25
1734343296734 0.78393 26
1734343317704 0.76066 27
1734343338171 0.83192 28
1734343359236 0.8209 29
1734343366194 0.8270040543534792 29
