1734342621506 0.19228 0
1734342743903 0.10265 1
1734342765651 0.24986 2
1734342787217 0.26304 3
1734342808413 0.28461 4
1734342829661 0.27585 5
1734342850639 0.29387 6
1734342871506 0.34971 7
1734342893837 0.35929 8
1734342914282 0.36713 9
1734342935272 0.39392 10
1734342956022 0.3462 11
1734342976682 0.43421 12
1734342997119 0.49205 13
1734343018262 0.49115 14
1734343038795 0.54267 15
1734343059891 0.47555 16
1734343081225 0.47781 17
1734343102448 0.54324 18
1734343123745 0.561 19
1734343172128 0.57258 20
1734343192456 0.55284 21
1734343213182 0.58941 22
1734343234529 0.6528 23
1734343254865 0.6643 24
1734343276202 0.64889 25
1734343296734 0.6937 26
1734343317704 0.71418 27
1734343338171 0.69461 28
1734343359236 0.70082 29
1734343366194 0.6983151140812256 29
